#BVGraph properties
#Wed Nov 17 23:14:22 CET 2010
compratio=0.119
bitsforblocks=5375437
residualarcs=2203165
version=0
zetak=3
residualexpstats=521078,400344,193643,150641,130908,113382,94032,80897,72319,64307,58543,48691,37395,23732,11251,7696,6475,11273,13099,15401,9435,1793
avgref=1.467
residualavggap=20386.623
avgbitsforoutdegrees=5.352
windowsize=7
bitsforintervals=4131861
copiedarcs=12337062
avgbitsforblocks=3.887
bitsperlink=2.172
bitsforresiduals=16195034
bitsforreferences=3646999
avgdist=1.841
successoravgloggap=2.2470598123127234
avgbitsforreferences=2.637
successoravggap=5543.574
maxrefcount=3
successorexpstats=12847233,965487,437444,346701,294004,250660,245254,213331,215683,199275,201706,177417,168184,82098,33077,16202,28892,41371,31665,34672,18351,2866
nodes=1382908
compressionflags=
intervalisedarcs=2376826
bitspernode=26.575
arcs=16917053
bitsforoutdegrees=7401046
avgbitsforintervals=2.988
minintervallength=4
graphclass=it.unimi.dsi.webgraph.BVGraph
avgbitsforresiduals=11.711
residualavgloggap=4.535188138046388
